0 -1 -1 -1 -1 -1 -1 -1 -1 -1 -1 -1 -1 -1 -1
1 -1 -1 -1 -1 -1 -1 -1 -1 -1 -1 -1 -1 -1 -1
2 3 4 -1 -1 -1 -1 -1 -1 -1 -1 -1 -1 -1 -1
-1 -1 5 6 -1 -1 -1 -1 -1 -1 -1 -1 -1 -1 -1
-1 -1 -1 7 -1 -1 -1 -1 -1 -1 -1 -1 -1 -1 -1
-1 -1 9 8 -1 -1 -1 -1 -1 -1 -1 -1 -1 -1 -1
-1 -1 10 -1 -1 -1 -1 -1 -1 -1 -1 -1 -1 -1 -1
-1 -1 11 12 13 14 15 16 -1 -1 -1 -1 -1 -1 -1
-1 -1 -1 -1 -1 -1 -1 17 18 -1 -1 -1 -1 -1 -1
-1 -1 -1 -1 -1 -1 -1 -1 19 20 21 -1 -1 -1 -1
-1 -1 -1 -1 -1 -1 -1 -1 -1 -1 22 -1 -1 -1 -1
-1 -1 -1 -1 -1 -1 -1 -1 25 24 23 -1 -1 -1 -1
-1 -1 -1 -1 -1 -1 28 27 26 -1 -1 -1 -1 -1 -1
-1 -1 -1 -1 -1 -1 29 -1 -1 -1 -1 -1 37 38 -1
-1 -1 -1 -1 -1 -1 30 31 32 33 34 35 36 -1 -1
